
               SELF-ASSESSED HEALTH (C)CHOPIT MODEL

DATE IS 7/24/2020

EXPONENTIAL THRESHOLDS FOR HOPIT VARIANTS
DESCRIPTIVE STATISTICS: SAH DATA


-------------------------------------------------------------------------------
Variable       Mean   Std Dev    Variance   Minimum   Maximum     Valid Missing
-------------------------------------------------------------------------------
PAIN          1.049    0.9388      0.8813         0         3      3802    0
CONSTANT          1     -----       -----         1         1      3802    0
MALE         0.4676     0.499       0.249         0         1      3802    0
ANY_COND     0.7123    0.4528       0.205         0         1      3802    0
GRIP34_9     0.5313    0.4991      0.2491         0         1      3802    0
EDUC_PS      0.2094    0.4069      0.1656         0         1      3802    0
AGE6675      0.2788    0.4485      0.2011         0         1      3802    0
AGE76       0.07785     0.268     0.07181         0         1      3802    0
V1PAIN        1.171    0.7549      0.5699         0         3      3802    0

 No. of vignettes used          1.000 

Vignette names         V1PAIN 

Sample Proportions of Y


         0.3364 
         0.3595 
         0.2230 
        0.08101 

LM TEST FOR RC AND VE
Test, df's and p-value (reject null HOPIT model for large test values and/or small p-value)

          310.3           26.00       1.825e-50 

LM TEST FOR VE
Test, df's and p-value (reject null HOPIT model for large test values and/or small p-value)

          8.843           6.000          0.1826 

LM TEST FOR RC
Test, df's and p-value (reject null HOPIT model for large test values and/or small p-value)

          297.8           20.00       2.292e-51 

AVERAGE PROBABILITIES


         0.3350          0.2883 
         0.3603          0.4469 
         0.2244          0.2021 
        0.08022         0.06279 

SUMMARIES OF INFORMATION CRITERIA (BIC, AIC, CAIC, HQIC)

OP REGRESION
      9323.7884       9267.5988       9332.7884       9287.5680 

HOPIT
      18110.019       17935.207       18138.019       17997.333 


No. of vignettes used      1.0000000 

Vignette names         V1PAIN 


		SIMPLE REGRESSION

ESTIMATED PARAMETERS: COEFFICIENT S.E. T-STAT

       CONSTANT          0.6291 
           MALE         -0.1245 
       ANY_COND          0.5012 
       GRIP34_9          0.2197 
        EDUC_PS         -0.1047 
        AGE6675         0.05358 
          AGE76          0.1422 


           MALE 
       ANY_COND 
       GRIP34_9 
        EDUC_PS 
        AGE6675 
          AGE76 
             MU 
             MU 
             MU 


-------------------------------------------------------------
 DCC-IMA
 iter 0  bfgs              function 2654842.05635
         log(cond(hessian))  0.000     step length  1.00000
-------------------------------------------------------------
Parameters        Estimates    Direction      Gradient

b0[1,1]            0.05000       0.00050  -65312.48654
b0[2,1]            0.05000       0.00050 -407910.68394
b[1,1]             0.01000       0.00010  -16134.65517
b[2,1]             0.01000       0.00010  -32115.69629
kappa[1,1]         0.05000       0.00050-40369179.71995
kappa[2,1]         0.05000       0.00050-45270437.13476
omega[1,1]         0.10000       0.00100-32268962.71402
omega[2,1]         0.10000       0.00100-31628006.66443
lambda[1,1]        0.01000       0.00010-5014722.23960
lambda[2,1]        0.01000       0.00010-6198787.55881
delta[1,1]         0.50000       0.00500-1086998.94116


-------------------------------------------------------------
 DCC-IMA
 iter 99  bfgs              function 5787.22384
         log(cond(hessian))  8.942     step length  1.00000
-------------------------------------------------------------
Parameters        Estimates    Direction      Gradient

b0[1,1]            0.05447       0.00021    -154.48811
b0[2,1]            0.08509       0.00235    -406.93024
b[1,1]             0.01515       0.00028     -18.20204
b[2,1]             0.01544       0.00047     -34.38192
kappa[1,1]         0.69112       0.00994     711.64364
kappa[2,1]         0.56815      -0.00090    -718.31309
omega[1,1]         0.29626      -0.00850    2427.62405
omega[2,1]         0.23581      -0.01604   -2027.27046
lambda[1,1]       -0.01677       0.00056   -5754.85453
lambda[2,1]        0.05029       0.02582     472.36397
delta[1,1]         0.87713       0.02172   -1551.78168


-------------------------------------------------------------
 DCC-IMA
 iter 199  bfgs              function 5385.96980
         log(cond(hessian))  2.099     step length  1.00000
-------------------------------------------------------------
Parameters        Estimates    Direction      Gradient

b0[1,1]            0.04299       0.00008      -3.21237
b0[2,1]            0.16552      -0.00122      72.91925
b[1,1]             0.01424      -0.00001       1.58912
b[2,1]             0.04003       0.00029     -29.68273
kappa[1,1]         0.89694       0.00085    -123.49685
kappa[2,1]         0.76142      -0.00017     -93.17439
omega[1,1]         0.18428      -0.00033    -223.75658
omega[2,1]         0.21336      -0.00030    -357.19484
lambda[1,1]       -0.00299       0.00031    -114.66353
lambda[2,1]       -0.00441       0.00003    -398.01894
delta[1,1]         0.98520      -0.00015    -151.69346

===============================================================================
                                    DCC-IMA                                    
===============================================================================
 CMLMT Version 3.0.0                                       7/27/2020  12:44 pm
===============================================================================

return code =    0
normal convergence

Log-likelihood        -5378.68
Number of cases     4069

Covariance of the parameters computed by the following method:
ML covariance matrix
  Parameters    Estimates     Std. err.  Est./s.e.  Prob.    Gradient
---------------------------------------------------------------------
b0[1,1]        0.0441        0.0156       2.821   0.0048      0.0010
b0[2,1]        0.1355        0.0165       8.191   0.0000      0.0000
b[1,1]         0.0094        0.0730       0.129   0.8972     -0.0287
b[2,1]         0.2067        0.0628       3.292   0.0010     -0.0011
kappa[1,1]     0.9753        0.0336      29.067   0.0000     -0.0003
kappa[2,1]     0.7703        0.0273      28.211   0.0000      0.0010
omega[1,1]     0.1710        0.0069      24.960   0.0000     -0.0011
omega[2,1]     0.2131        0.0083      25.814   0.0000     -0.0071
lambda[1,1]   -0.0043        0.0018      -2.340   0.0193     -0.0011
lambda[2,1]   -0.0044        0.0003     -13.549   0.0000      0.0117
delta[1,1]     0.9862        0.0019     521.463   0.0000     -0.0033

Correlation matrix of the parameters
               1      0.010710777      -0.22561053    -0.0065039627      0.013113704     -0.018066266     0.0096033824      0.020519737     -0.054922714    -0.0086545715      -0.08355464 
     0.010710777                1   -0.00045598341       -0.2710704    -0.0067217952      -0.11010042      0.013112502      0.091233466     -0.010804312      0.038316095      -0.12776172 
     -0.22561053   -0.00045598341                1   -0.00010099904     0.0051219519    0.00048525587      0.019819662   -0.00053341733    -0.0060497161    0.00014402577     0.0023353972 
   -0.0065039627       -0.2710704   -0.00010099904                1     0.0041079288      0.076328027    -0.0080368279     -0.085397764     0.0066456115      0.044741161      0.078077795 
     0.013113704    -0.0067217952     0.0051219519     0.0041079288                1      0.011367352      -0.88968956       -0.0129138      -0.11663253     0.0054589263      0.052559315 
    -0.018066266      -0.11010042    0.00048525587      0.076328027      0.011367352                1     -0.022201962      -0.93694457      0.018321385        0.7867927       0.21626279 
    0.0096033824      0.013112502      0.019819662    -0.0080368279      -0.88968956     -0.022201962                1      0.025222535       -0.1971848     -0.010664883      -0.10264871 
     0.020519737      0.091233466   -0.00053341733     -0.085397764       -0.0129138      -0.93694457      0.025222535                1     -0.020812906       -0.8275943      -0.24568559 
    -0.054922714     -0.010804312    -0.0060497161     0.0066456115      -0.11663253      0.018321385       -0.1971848     -0.020812906                1     0.0088008577      0.084692575 
   -0.0086545715      0.038316095    0.00014402577      0.044741161     0.0054589263        0.7867927     -0.010664883       -0.8275943     0.0088008577                1       0.10386024 
     -0.08355464      -0.12776172     0.0023353972      0.078077795      0.052559315       0.21626279      -0.10264871      -0.24568559      0.084692575       0.10386024                1 



Wald Confidence Limits

                              0.95 confidence limits
  Parameters    Estimates     Lower Limit   Upper Limit   Gradient
----------------------------------------------------------------------
b0[1,1]        0.0441        0.0135        0.0748        0.0010
b0[2,1]        0.1355        0.1031        0.1680        0.0000
b[1,1]         0.0094       -0.1336        0.1525       -0.0287
b[2,1]         0.2067        0.0836        0.3299       -0.0011
kappa[1,1]     0.9753        0.9095        1.0411       -0.0003
kappa[2,1]     0.7703        0.7168        0.8239        0.0010
omega[1,1]     0.1710        0.1576        0.1845       -0.0011
omega[2,1]     0.2131        0.1969        0.2293       -0.0071
lambda[1,1]   -0.0043       -0.0079       -0.0007       -0.0011
lambda[2,1]   -0.0044       -0.0051       -0.0038        0.0117
delta[1,1]     0.9862        0.9824        0.9899       -0.0033

Number of iterations    280
Minutes to convergence     5.93013
